-0.005353493871043611
-0.005684154723394898
-0.006047040902805823
-0.006442089366512648
-0.006868358049706102
-0.007325529054140065
-0.007815761728313051
-0.008344195696962658
-0.00891729619103138
-0.00954057113999623
-0.010217973291974864
-0.010953377521591708
-0.011752129947388185
-0.012620637623701966
-0.013564589621401599
-0.014588395495835406
-0.01569677406669318
-0.01689613165111955
-0.01819352024697262
-0.019595006141809333
-0.021106771974408484
-0.022737934569167468
-0.024501307885996373
-0.02641345264022392
-0.028498683161822403
-0.030792073270376568
-0.033327302913224596
-0.03610796399867829
-0.03908436250920627
-0.042159046893843845
-0.04521755224080699
-0.048157480678029246
-0.05089674501563507
-0.05336540997848592
-0.055494678129261635
-0.05721035023275412
-0.058431273994022995
-0.05907112895279319
-0.05904217538970642
-0.058260206527475024
-0.05665027602114189
-0.0541528529277579
-0.05073000653049378
-0.04637113344478634
-0.04109766632052041
-0.03496618494494207
-0.02806941067206936
-0.02053471335751098
-0.012519988696252937
-0.004207047179319174
0.00420704717951363
0.01251998869638143
0.020534713357650614
0.028069410672120737
0.03496618494505296
0.04109766632041033
0.04637113344484516
0.050730006530540814
0.05415285292776398
0.056650276021192214
0.05826020652742974
0.0590421753896174
0.05907112895278062
0.05843127399420705
0.05721035023273542
0.05549467812922067
0.0533654099784278
0.05089674501599156
0.0481574806781763
0.04521755224044973
0.042159046893753625
0.039084362509251805
0.03610796399845936
0.033327302913099606
0.0307920732704151
0.02849868316183782
0.026413452640177755
0.024501307886206636
0.02273793456906716
0.021106771974170414
0.019595006141741367
0.018193520246850968
0.01689613165113212
0.015696774066709246
0.014588395495595744
0.013564589621300744
0.012620637623579099
0.011752129947346247
0.010953377521403417
0.010217973292085075
0.009540571140054192
0.008917296190991167
0.008344195696887654
0.007815761728323031
0.007325529054067782
0.006868358049677422
0.006442089366205142
0.006047040902630862
0.005684154723471707
0.005353493870933623
