0.003153679469178216
0.003312139253576791
0.0034833637079516025
0.003668281987312728
0.0038678202152979888
0.004083095766992246
0.004315666098082762
0.004567620225089235
0.004841401390434215
0.005139546332572252
0.0054646420299179965
0.005819559664092399
0.006207699058746137
0.006632961678149828
0.007099539160537762
0.007611899588756269
0.008175107645537402
0.00879510555640907
0.009478611738974017
0.010232962019427597
0.01106645861020966
0.011989024540995165
0.01301249816519905
0.014150890735036243
0.015421491688199585
0.01684559682623862
0.01844562618383237
0.020238220763545256
0.022228339164613083
0.0244099686324297
0.026772935859005576
0.02930948805985184
0.032015835800564156
0.03488950672055744
0.03792572044811618
0.04111460184043526
0.04443942632341153
0.047875571232431
0.05138992970525415
0.05494071673213421
0.05847770432018127
0.061942962298247715
0.06527217519311311
0.06839656906495006
0.07124542451229934
0.07374908142227196
0.07584226720467302
0.07746751493680447
0.07857839342291295
0.0791422583017291
0.07914225830177392
0.0785783934229184
0.07746751493680673
0.07584226720466312
0.07374908142226942
0.07124542451233137
0.06839656906495158
0.06527217519312903
0.061942962298261336
0.05847770432017672
0.05494071673214205
0.051389929705218745
0.04787557123242767
0.044439426323392754
0.041114601840459244
0.03792572044808497
0.03488950672058142
0.032015835800571664
0.029309488059845297
0.02677293585900434
0.02440996863244053
0.022228339164584974
0.020238220763554988
0.01844562618382556
0.016845596826260953
0.015421491688222995
0.014150890735059625
0.013012498165220363
0.011989024540959556
0.011066458610199663
0.010232962019469709
0.009478611739020955
0.00879510555645586
0.00817510764553504
0.0076118995888006975
0.007099539160558013
0.006632961678151287
0.006207699058765841
0.00581955966413699
0.005464642029929245
0.00513954633257368
0.004841401390435574
0.00456762022507927
0.004315666098105366
0.004083095767046207
0.0038678202152720867
0.0036682819872969332
0.0034833637079344677
0.0033121392535928797
0.003153679469169145
